image=images/avatar/chibi/heroine.png
render_size=111,111

[stance]
frames=4
duration=800ms
type=back_forth
frame=0,0,0,111,111,111,55,104
frame=0,1,0,222,111,111,55,104
frame=0,2,0,333,111,111,55,104
frame=0,3,0,444,111,111,55,104
frame=0,4,0,555,111,111,55,104
frame=0,5,0,666,111,111,55,104
frame=0,6,0,777,111,111,55,104
frame=0,7,0,0,111,111,55,104
frame=1,0,0,111,111,111,55,104
frame=1,1,0,222,111,111,55,104
frame=1,2,0,333,111,111,55,104
frame=1,3,0,444,111,111,55,104
frame=1,4,0,555,111,111,55,104
frame=1,5,0,666,111,111,55,104
frame=1,6,0,777,111,111,55,104
frame=1,7,0,0,111,111,55,104
frame=2,0,0,111,111,111,55,104
frame=2,1,0,222,111,111,55,104
frame=2,2,0,333,111,111,55,104
frame=2,3,0,444,111,111,55,104
frame=2,4,0,555,111,111,55,104
frame=2,5,0,666,111,111,55,104
frame=2,6,0,777,111,111,55,104
frame=2,7,0,0,111,111,55,104
frame=3,0,0,111,111,111,55,104
frame=3,1,0,222,111,111,55,104
frame=3,2,0,333,111,111,55,104
frame=3,3,0,444,111,111,55,104
frame=3,4,0,555,111,111,55,104
frame=3,5,0,666,111,111,55,104
frame=3,6,0,777,111,111,55,104
frame=3,7,0,0,111,111,55,104

[run]
frames=8
duration=533ms
type=looped
frame=0,0,0,111,111,111,55,104
frame=0,1,0,222,111,111,55,104
frame=0,2,0,333,111,111,55,104
frame=0,3,0,444,111,111,55,104
frame=0,4,0,555,111,111,55,104
frame=0,5,0,666,111,111,55,104
frame=0,6,0,777,111,111,55,104
frame=0,7,0,0,111,111,55,104
frame=1,0,111,111,111,111,55,104
frame=1,1,111,222,111,111,55,104
frame=1,2,111,333,111,111,55,104
frame=1,3,111,444,111,111,55,104
frame=1,4,111,555,111,111,55,104
frame=1,5,111,666,111,111,55,104
frame=1,6,111,777,111,111,55,104
frame=1,7,111,0,111,111,55,104
frame=2,0,222,111,111,111,55,104
frame=2,1,222,222,111,111,55,104
frame=2,2,222,333,111,111,55,104
frame=2,3,222,444,111,111,55,104
frame=2,4,222,555,111,111,55,104
frame=2,5,222,666,111,111,55,104
frame=2,6,222,777,111,111,55,104
frame=2,7,222,0,111,111,55,104
frame=3,0,333,111,111,111,55,104
frame=3,1,333,222,111,111,55,104
frame=3,2,333,333,111,111,55,104
frame=3,3,333,444,111,111,55,104
frame=3,4,333,555,111,111,55,104
frame=3,5,333,666,111,111,55,104
frame=3,6,333,777,111,111,55,104
frame=3,7,333,0,111,111,55,104
frame=4,0,222,111,111,111,55,104
frame=4,1,222,222,111,111,55,104
frame=4,2,222,333,111,111,55,104
frame=4,3,222,444,111,111,55,104
frame=4,4,222,555,111,111,55,104
frame=4,5,222,666,111,111,55,104
frame=4,6,222,777,111,111,55,104
frame=4,7,222,0,111,111,55,104
frame=5,0,111,111,111,111,55,104
frame=5,1,111,222,111,111,55,104
frame=5,2,111,333,111,111,55,104
frame=5,3,111,444,111,111,55,104
frame=5,4,111,555,111,111,55,104
frame=5,5,111,666,111,111,55,104
frame=5,6,111,777,111,111,55,104
frame=5,7,111,0,111,111,55,104
frame=6,0,0,111,111,111,55,104
frame=6,1,0,222,111,111,55,104
frame=6,2,0,333,111,111,55,104
frame=6,3,0,444,111,111,55,104
frame=6,4,0,555,111,111,55,104
frame=6,5,0,666,111,111,55,104
frame=6,6,0,777,111,111,55,104
frame=6,7,0,0,111,111,55,104
frame=7,0,111,111,111,111,55,104
frame=7,1,111,222,111,111,55,104
frame=7,2,111,333,111,111,55,104
frame=7,3,111,444,111,111,55,104
frame=7,4,111,555,111,111,55,104
frame=7,5,111,666,111,111,55,104
frame=7,6,111,777,111,111,55,104
frame=7,7,111,0,111,111,55,104

[swing]
frames=4
duration=400ms
type=play_once
frame=0,0,0,111,111,111,55,104
frame=0,1,0,222,111,111,55,104
frame=0,2,0,333,111,111,55,104
frame=0,3,0,444,111,111,55,104
frame=0,4,0,555,111,111,55,104
frame=0,5,0,666,111,111,55,104
frame=0,6,0,777,111,111,55,104
frame=0,7,0,0,111,111,55,104
frame=1,0,111,111,111,111,55,104
frame=1,1,111,222,111,111,55,104
frame=1,2,111,333,111,111,55,104
frame=1,3,111,444,111,111,55,104
frame=1,4,111,555,111,111,55,104
frame=1,5,111,666,111,111,55,104
frame=1,6,111,777,111,111,55,104
frame=1,7,111,0,111,111,55,104
frame=2,0,222,111,111,111,55,104
frame=2,1,222,222,111,111,55,104
frame=2,2,222,333,111,111,55,104
frame=2,3,222,444,111,111,55,104
frame=2,4,222,555,111,111,55,104
frame=2,5,222,666,111,111,55,104
frame=2,6,222,777,111,111,55,104
frame=2,7,222,0,111,111,55,104
frame=3,0,333,111,111,111,55,104
frame=3,1,333,222,111,111,55,104
frame=3,2,333,333,111,111,55,104
frame=3,3,333,444,111,111,55,104
frame=3,4,333,555,111,111,55,104
frame=3,5,333,666,111,111,55,104
frame=3,6,333,777,111,111,55,104
frame=3,7,333,0,111,111,55,104

[block]
frames=2
duration=66ms
type=play_once
frame=0,0,0,111,111,111,55,104
frame=0,1,0,222,111,111,55,104
frame=0,2,0,333,111,111,55,104
frame=0,3,0,444,111,111,55,104
frame=0,4,0,555,111,111,55,104
frame=0,5,0,666,111,111,55,104
frame=0,6,0,777,111,111,55,104
frame=0,7,0,0,111,111,55,104
frame=1,0,0,111,111,111,55,104
frame=1,1,0,222,111,111,55,104
frame=1,2,0,333,111,111,55,104
frame=1,3,0,444,111,111,55,104
frame=1,4,0,555,111,111,55,104
frame=1,5,0,666,111,111,55,104
frame=1,6,0,777,111,111,55,104
frame=1,7,0,0,111,111,55,104

[hit]
frames=2
duration=133ms
type=play_once
frame=0,0,0,111,111,111,55,104
frame=0,1,0,222,111,111,55,104
frame=0,2,0,333,111,111,55,104
frame=0,3,0,444,111,111,55,104
frame=0,4,0,555,111,111,55,104
frame=0,5,0,666,111,111,55,104
frame=0,6,0,777,111,111,55,104
frame=0,7,0,0,111,111,55,104
frame=1,0,0,111,111,111,55,104
frame=1,1,0,222,111,111,55,104
frame=1,2,0,333,111,111,55,104
frame=1,3,0,444,111,111,55,104
frame=1,4,0,555,111,111,55,104
frame=1,5,0,666,111,111,55,104
frame=1,6,0,777,111,111,55,104
frame=1,7,0,0,111,111,55,104

[die]
frames=6
duration=800ms
type=play_once
frame=0,0,0,111,111,111,55,104
frame=0,1,0,222,111,111,55,104
frame=0,2,0,333,111,111,55,104
frame=0,3,0,444,111,111,55,104
frame=0,4,0,555,111,111,55,104
frame=0,5,0,666,111,111,55,104
frame=0,6,0,777,111,111,55,104
frame=0,7,0,0,111,111,55,104
frame=1,0,0,111,111,111,55,104
frame=1,1,0,222,111,111,55,104
frame=1,2,0,333,111,111,55,104
frame=1,3,0,444,111,111,55,104
frame=1,4,0,555,111,111,55,104
frame=1,5,0,666,111,111,55,104
frame=1,6,0,777,111,111,55,104
frame=1,7,0,0,111,111,55,104
frame=2,0,0,111,111,111,55,104
frame=2,1,0,222,111,111,55,104
frame=2,2,0,333,111,111,55,104
frame=2,3,0,444,111,111,55,104
frame=2,4,0,555,111,111,55,104
frame=2,5,0,666,111,111,55,104
frame=2,6,0,777,111,111,55,104
frame=2,7,0,0,111,111,55,104
frame=3,0,0,111,111,111,55,104
frame=3,1,0,222,111,111,55,104
frame=3,2,0,333,111,111,55,104
frame=3,3,0,444,111,111,55,104
frame=3,4,0,555,111,111,55,104
frame=3,5,0,666,111,111,55,104
frame=3,6,0,777,111,111,55,104
frame=3,7,0,0,111,111,55,104
frame=4,0,0,111,111,111,55,104
frame=4,1,0,222,111,111,55,104
frame=4,2,0,333,111,111,55,104
frame=4,3,0,444,111,111,55,104
frame=4,4,0,555,111,111,55,104
frame=4,5,0,666,111,111,55,104
frame=4,6,0,777,111,111,55,104
frame=4,7,0,0,111,111,55,104
frame=5,0,0,111,111,111,55,104
frame=5,1,0,222,111,111,55,104
frame=5,2,0,333,111,111,55,104
frame=5,3,0,444,111,111,55,104
frame=5,4,0,555,111,111,55,104
frame=5,5,0,666,111,111,55,104
frame=5,6,0,777,111,111,55,104
frame=5,7,0,0,111,111,55,104

[cast]
frames=4
duration=400ms
type=play_once
frame=0,0,0,111,111,111,55,104
frame=0,1,0,222,111,111,55,104
frame=0,2,0,333,111,111,55,104
frame=0,3,0,444,111,111,55,104
frame=0,4,0,555,111,111,55,104
frame=0,5,0,666,111,111,55,104
frame=0,6,0,777,111,111,55,104
frame=0,7,0,0,111,111,55,104
frame=1,0,111,111,111,111,55,104
frame=1,1,111,222,111,111,55,104
frame=1,2,111,333,111,111,55,104
frame=1,3,111,444,111,111,55,104
frame=1,4,111,555,111,111,55,104
frame=1,5,111,666,111,111,55,104
frame=1,6,111,777,111,111,55,104
frame=1,7,111,0,111,111,55,104
frame=2,0,222,111,111,111,55,104
frame=2,1,222,222,111,111,55,104
frame=2,2,222,333,111,111,55,104
frame=2,3,222,444,111,111,55,104
frame=2,4,222,555,111,111,55,104
frame=2,5,222,666,111,111,55,104
frame=2,6,222,777,111,111,55,104
frame=2,7,222,0,111,111,55,104
frame=3,0,333,111,111,111,55,104
frame=3,1,333,222,111,111,55,104
frame=3,2,333,333,111,111,55,104
frame=3,3,333,444,111,111,55,104
frame=3,4,333,555,111,111,55,104
frame=3,5,333,666,111,111,55,104
frame=3,6,333,777,111,111,55,104
frame=3,7,333,0,111,111,55,104

[shoot]
frames=4
duration=400ms
type=play_once
frame=0,0,0,111,111,111,55,104
frame=0,1,0,222,111,111,55,104
frame=0,2,0,333,111,111,55,104
frame=0,3,0,444,111,111,55,104
frame=0,4,0,555,111,111,55,104
frame=0,5,0,666,111,111,55,104
frame=0,6,0,777,111,111,55,104
frame=0,7,0,0,111,111,55,104
frame=1,0,111,111,111,111,55,104
frame=1,1,111,222,111,111,55,104
frame=1,2,111,333,111,111,55,104
frame=1,3,111,444,111,111,55,104
frame=1,4,111,555,111,111,55,104
frame=1,5,111,666,111,111,55,104
frame=1,6,111,777,111,111,55,104
frame=1,7,111,0,111,111,55,104
frame=2,0,222,111,111,111,55,104
frame=2,1,222,222,111,111,55,104
frame=2,2,222,333,111,111,55,104
frame=2,3,222,444,111,111,55,104
frame=2,4,222,555,111,111,55,104
frame=2,5,222,666,111,111,55,104
frame=2,6,222,777,111,111,55,104
frame=2,7,222,0,111,111,55,104
frame=3,0,333,111,111,111,55,104
frame=3,1,333,222,111,111,55,104
frame=3,2,333,333,111,111,55,104
frame=3,3,333,444,111,111,55,104
frame=3,4,333,555,111,111,55,104
frame=3,5,333,666,111,111,55,104
frame=3,6,333,777,111,111,55,104
frame=3,7,333,0,111,111,55,104
